Network:
Layer:
[[-0.9854829   0.03481782  0.46720372 ...  0.98833131  0.21322629
   0.50140221]
 [-0.80102358  0.5459509  -0.36253093 ...  0.83781051  0.87118499
  -0.84304273]
 [ 0.02740899  0.69100628  0.7216723  ... -0.17740612  0.27875055
  -0.38814931]
 ...
 [-0.43929921  0.26948969 -0.42610932 ... -0.91465725  0.71662666
   0.02781848]
 [-0.60161528  0.91244462 -0.50970857 ...  0.56074284  0.52325011
   0.20885327]
 [ 0.39443414  0.13649642 -0.23599043 ... -0.30121226 -0.31433187
  -0.67016709]]
[2.28671739e-033 3.68061936e-023 2.22774209e-095 1.01650400e-006
 1.02273540e-085 7.94002276e-077 1.00000000e+000 2.43263392e-110
 3.19762426e-065 1.00000000e+000 1.00000000e+000 1.00000000e+000
 1.00000000e+000 3.38760694e-005 8.73615431e-109 1.00000000e+000
 1.00000000e+000 1.00000000e+000 3.41619197e-011 1.00000000e+000
 1.00000000e+000 1.67191892e-042 1.89680328e-096 3.60526611e-126
 9.99999998e-001 3.47163214e-028 1.33289835e-062 1.00000000e+000
 1.00000000e+000 1.00000000e+000 2.08283575e-018 1.00000000e+000
 1.00000000e+000 1.00000000e+000 1.00000000e+000 3.77347754e-150
 2.22636221e-008 1.00000000e+000 1.00000000e+000 6.92339017e-016
 1.31710868e-022 6.15086040e-039 1.00000000e+000 2.05773433e-071
 1.00000000e+000 1.00000000e+000 1.00000000e+000 1.64422512e-039
 1.00000000e+000 1.00000000e+000 1.00000000e+000 1.00000000e+000
 3.95949326e-059 1.00000000e+000 1.57020770e-001 9.99999954e-001
 1.00000000e+000 1.00000000e+000 1.00000000e+000 1.00000000e+000
 1.00000000e+000 1.00000000e+000 8.09603128e-027 1.00000000e+000
 1.00000000e+000 1.00000000e+000 5.48110819e-006 1.00000000e+000
 1.00000000e+000 1.00000000e+000 1.00000000e+000 1.00000000e+000
 1.00000000e+000 2.62907568e-051 2.08658053e-014 5.22997251e-076
 2.74123847e-046 1.00000000e+000 1.00000000e+000 1.28346479e-075
 7.17509261e-094 1.00000000e+000 3.70029621e-072 1.00000000e+000
 1.00000000e+000 1.00000000e+000 5.36025069e-034 1.00000000e+000
 1.96266409e-125 1.16569242e-002 5.24272479e-096 6.82282029e-007
 2.99702082e-084 1.00000000e+000 1.00000000e+000 1.00000000e+000
 1.00000000e+000 1.00000000e+000 1.00000000e+000 1.00000000e+000]

Layer:
[[-0.1143742   0.33803558 -0.74663874  0.52189517  0.42690871 -0.18303365
  -0.28080588 -0.92114057  0.98099933 -0.40229054 -0.147486    0.16394315
  -0.99753223 -0.88905283 -0.97671925 -0.67488504 -0.32302217  0.95845
  -0.14123579  0.96273174 -0.45246272 -0.86938984 -0.52167821  0.09791903
   0.37871077  0.18867925 -0.0532638   0.10706472 -0.86452523 -0.13463887
  -0.63810421  0.60155233  0.73808402  0.76822917 -0.87693056  0.98183621
   0.54769171 -0.39936629 -0.60319734  0.83787359 -0.67332544  0.77108699
   0.55762214 -0.10795473  0.44396807 -0.96797658 -0.04739743 -0.46161296
  -0.46677676 -0.58371347  0.23142058 -0.33575553 -0.95548382 -0.23488097
   0.45657252 -0.61119787  0.06844327 -0.51045393  0.6908398   0.42137027
  -0.02771825 -0.82385367 -0.06272907 -0.36714028 -0.9658725   0.30672982
   0.60451116 -0.93088785  0.97680303  0.23323856  0.4123599  -0.85153498
   0.87441351  0.66971629 -0.68618231 -0.3696433   0.03774136  0.44898692
  -0.38633343 -0.42365962 -0.17066611  0.07122177 -0.93723781 -0.41533377
   0.15350634 -0.16052357 -0.08024475 -0.54649588  0.79257977  0.43584737
   0.30464246 -0.84775848 -0.53518448 -0.46100885  0.83255978  0.30022586
  -0.29674214  0.07873778 -0.28733901  0.83126695  0.20514864]]
[0.02814859]

Layer:
[[-0.00863063  0.46124975]]
[0.61099598]

